12000
12500
12800
13100
13200
13400
13500
13600
13700
13800
14000
14200
14300
14500
14700
14800
15000
15100
15200
15300
15400
15600
15800
16000
16200
16300
16500
16700
16900
17100
17200
17300
17400
17600
17800
18000
18200
18300
18400
18500
18700
18900
19100
19200
19300
19500
19700
19900
20100
20200
20400
20600
20800
21000
21200
21400
21500
21700
21900
22100
22300
22400
22600
22800
23000
23200
23400
23600
23800
23900
24000
24100
24300
24500
24700
24900
25100
25300
25500
25700
25900
26000
26100
26200
26400
26600
26800
27000
27200
27400
27600
27800
28000
28200
28400
28600
28800
29000
29200
29400
29600
29800
30000
30200
30400
30600
30800
31000
31200
31400
31600
31800
32000
