158803
171984
194303
209827
220239
226545
228948
232495
237924
242289
245628
248709
251120
253591
256514
259919
263126
266278
269394
272657
275854
279040
282162
285082
287804
290326
292668
294849
296927
298826
300595
302209
303789
305348
306801
308163
309330
310303
311006
311580
312176
312870
313720
314672
315534
316289
316827
317333
317827
318386
319051
319726
320277
320743
321180
321563
321923
322266
322687
323071
323405
323682
323999
324368
324707
325147
325719
326373
327167
328015
328827
329536
330148
330747
331449
332258
333161
334150
335232
336359
337468
338563
339671
340847
342076
343238
344416
345608
346720
347739
348793
349889
351034
352158
353229
354310
